time,seconds_elapsed,z,y,x
1776592648918894300,0.376894287109375,0.18803800642490387,-0.0027940000873059034,0.2124360054731369
1776592648928672500,0.386672607421875,0.21591000258922577,-0.008856000378727913,0.25401800870895386
1776592648948232700,0.406232666015625,0.231904998421669,-0.03261199966073036,0.29544299840927124
1776592648967795000,0.425794921875,0.18763500452041626,-0.04049199819564819,0.27229899168014526
1776592648987355000,0.44535498046875,0.14908500015735626,-0.022721000015735626,0.1999109983444214
1776592649006915000,0.4649150390625,0.10802800208330154,0.0027379998937249184,0.11890900135040283
1776592649026474200,0.48447412109375,0.1317729949951172,0.019773000851273537,0.08847399801015854
1776592649046032100,0.5040322265625,0.255172997713089,0.0408409982919693,0.08507099747657776
1776592649065590500,0.523590576171875,0.2955549955368042,0.05417799949645996,0.0832659974694252
1776592649085152300,0.54315234375,0.276995986700058,0.06910499930381775,0.08349300175905228
1776592649104715300,0.56271533203125,0.211216002702713,0.09874100238084793,0.06090899929404259
1776592649124280600,0.582280517578125,0.14604300260543823,0.10691799968481064,0.04055299982428551
1776592649143843600,0.601843505859375,0.08317600190639496,0.0713139995932579,0.01628199964761734
1776592649163402800,0.62140283203125,-0.04174799844622612,0.037539999932050705,0.014004000462591648
1776592649182964500,0.640964599609375,-0.15016600489616394,0.02524299919605255,-0.023200999945402145
1776592649202528000,0.660528076171875,-0.17998500168323517,0.022033000364899635,-0.04170000180602074
1776592649222091500,0.680091552734375,-0.1349100023508072,0.018995000049471855,-0.0195080004632473
1776592649241651500,0.6996513671875,-0.10385899990797043,0.020299000665545464,-0.023837000131607056
1776592649261206000,0.7192060546875,-0.0711899995803833,0.026614999398589134,-0.01423600036650896
1776592649280760300,0.73876025390625,-0.03826399892568588,0.03431599959731102,0.009655999951064587
1776592649300320000,0.758320068359375,-0.03231000155210495,0.051516998559236526,0.0057390001602470875
1776592649319878100,0.777878173828125,-0.04708600044250488,0.09623099863529205,-0.0015439999988302588
1776592649339435300,0.797435302734375,-0.10096699744462967,0.1369899958372116,-0.0067529999651014805
1776592649358993200,0.8169931640625,-0.1348710060119629,0.14316700398921967,-0.005892000161111355
1776592649378549800,0.8365498046875,-0.1749110072851181,0.1173510029911995,-0.0032550001051276922
1776592649398108700,0.856108642578125,-0.1571040004491806,0.11268799751996994,0.011502999812364578
1776592649417666300,0.875666259765625,-0.10176199674606323,0.12870900332927704,0.034014999866485596
1776592649437224700,0.895224609375,-0.04582599923014641,0.14308899641036987,0.059151001274585724
1776592649456786200,0.9147861328125,-0.004652999807149172,0.15364199876785278,0.07137800008058548
1776592649476345900,0.934345947265625,0.02854200080037117,0.17801199853420258,0.07353000342845917
1776592649495900400,0.953900390625,0.0005109999910928309,0.2585189938545227,0.04228400066494942
1776592649515452700,0.97345263671875,-0.027587000280618668,0.3355790078639984,0.02634900063276291
1776592649535010300,0.99301025390625,-0.045333001762628555,0.367341011762619,0.010413000360131264
1776592649554570500,1.012570556640625,-0.07634100317955017,0.37745198607444763,0.013914999552071095
1776592649574126000,1.0321259765625,-0.10016699880361557,0.395687997341156,0.022383999079465866
1776592649593683500,1.051683349609375,-0.10258600115776062,0.43347999453544617,0.031578000634908676
1776592649613244000,1.071243896484375,-0.09514400362968445,0.4500170052051544,0.040766000747680664
1776592649632805000,1.09080517578125,-0.10251399874687195,0.4492720067501068,0.034432001411914825
1776592649652369200,1.110369140625,-0.14986400306224823,0.4700250029563904,-0.009197000414133072
1776592649671933200,1.12993310546875,-0.22507399320602417,0.49326199293136597,-0.07015000283718109
1776592649691491800,1.149491943359375,-0.2845039963722229,0.4909079968929291,-0.09617199748754501
1776592649711048000,1.1690478515625,-0.2776449918746948,0.5032669901847839,-0.07148700207471848
1776592649730605800,1.188605712890625,-0.24379600584506989,0.5406110286712646,-0.055229999125003815
1776592649750167300,1.208167236328125,-0.19868899881839752,0.5674149990081787,-0.047828998416662216
1776592649769727700,1.227727783203125,-0.15851399302482605,0.5973950028419495,-0.03677000105381012
1776592649789284600,1.24728466796875,-0.11428699642419815,0.6116999983787537,-0.010437999852001667
1776592649808845800,1.266845703125,-0.0819609984755516,0.6205670237541199,0.007968000136315823
1776592649828408800,1.286408935546875,-0.02793700061738491,0.6897220015525818,0.03545999899506569
1776592649847971000,1.30597119140625,-0.016620999202132225,0.7182649970054626,0.03844999894499779
1776592649867535400,1.325535400390625,-0.018776999786496162,0.734021008014679,0.03388499841094017
1776592649887095800,1.345095703125,-0.00914900004863739,0.7687370181083679,0.030946999788284302
1776592649906653000,1.36465283203125,-0.03449400141835213,0.7720850110054016,0.04102899879217148
1776592649926214000,1.3842138671875,-0.06523499637842178,0.8090609908103943,0.05121399834752083
1776592649945773300,1.403773193359375,-0.07576700299978256,0.8416159749031067,0.05347700044512749
1776592649965331000,1.4233310546875,-0.0697769969701767,0.8708959817886353,0.04533499851822853
1776592649984892400,1.442892333984375,-0.05934600159525871,0.8627309799194336,0.03103799931704998
1776592650004455400,1.462455322265625,-0.05366099998354912,0.8694869875907898,0.018317999318242073
1776592650024015600,1.482015625,-0.04991700127720833,0.9077209830284119,0.006910999771207571
1776592650043571700,1.50157177734375,-0.03419199958443642,0.9557129740715027,-0.0059980000369250774
1776592650063127300,1.521127197265625,-0.028781000524759293,0.9497550129890442,-0.024771999567747116
1776592650082684400,1.540684326171875,-0.04022600129246712,0.9189890027046204,-0.037539999932050705
1776592650102240000,1.560239990234375,-0.07096099853515625,0.9565730094909668,-0.04638800024986267
1776592650121798000,1.5797978515625,-0.09179600328207016,1.0096789598464966,-0.04347600042819977
1776592650141361200,1.599361083984375,-0.051187001168727875,1.1006770133972168,-0.020750999450683594
1776592650160924200,1.618924072265625,-0.045896999537944794,1.1561319828033447,0.022607000544667244
1776592650180483300,1.6384833984375,-0.0834909975528717,1.1274960041046143,0.06471200287342072
1776592650200038100,1.6580380859375,-0.07035800069570541,1.100316047668457,0.09536699950695038
1776592650219592400,1.677592529296875,-0.010471999645233154,1.0739079713821411,0.11277499794960022
1776592650239149000,1.697149169921875,0.05364900082349777,0.996832013130188,0.11850599944591522
1776592650258708000,1.7167080078125,0.04037899896502495,0.972590982913971,0.10720299929380417
1776592650278269700,1.736269775390625,-0.019807999953627586,0.8956069946289062,0.079865001142025
1776592650297832700,1.755832763671875,-0.08631400018930435,0.7428969740867615,0.05697400122880936
1776592650317397000,1.77539697265625,-0.10908599942922592,0.6527590155601501,0.046303000301122665
1776592650336959500,1.79495947265625,-0.14135700464248657,0.6211889982223511,0.04704299941658974
1776592650356518700,1.8145185546875,-0.18928800523281097,0.5997009873390198,0.07313299924135208
1776592650376084500,1.83408447265625,-0.199072003364563,0.7055180072784424,0.09362100064754486
1776592650395651600,1.853651611328125,-0.1719300001859665,0.816540002822876,0.08631200343370438
1776592650415211500,1.87321142578125,-0.10769400000572205,0.9733060002326965,0.0602170005440712
1776592650434770200,1.892770263671875,-0.012237999588251114,1.210379958152771,0.03940499946475029
1776592650454331400,1.912331298828125,0.0995199978351593,1.3880259990692139,0.015766000375151634
1776592650473894100,1.93189404296875,0.15314799547195435,1.3757829666137695,-0.024343999102711678
1776592650493457200,1.95145703125,0.19482700526714325,1.2407740354537964,-0.04864799976348877
1776592650513016000,1.97101611328125,0.23899300396442413,1.1805440187454224,-0.05976099893450737
1776592650532568800,1.99056884765625,0.2776150107383728,1.1454600095748901,-0.05781799927353859
1776592650552123100,2.010123046875,0.2724969983100891,1.0834280252456665,-0.05195000022649765
1776592650571687200,2.029687255859375,0.19266800582408905,1.036473035812378,-0.04617299884557724
1776592650591250000,2.04925,0.1130789965391159,1.0240859985351562,-0.04028400033712387
1776592650610808600,2.06880859375,0.06668400019407272,1.0031039714813232,-0.03546399995684624
1776592650630365200,2.088365234375,0.011593000032007694,0.9528120160102844,-0.023917000740766525
1776592650649921500,2.107921630859375,-0.011915000155568123,0.942143976688385,-0.009103000164031982
1776592650669481700,2.127481689453125,-0.011730999685823917,1.0020229816436768,0.006587000098079443
1776592650689043500,2.14704345703125,-0.014012999832630157,1.0094950199127197,0.017714999616146088
1776592650708604200,2.166604248046875,-0.03047800064086914,0.9377920031547546,0.040470000356435776
1776592650728166400,2.18616650390625,-0.036038000136613846,0.8847399950027466,0.05248599871993065
1776592650747732000,2.20573193359375,-0.021990999579429626,0.9301090240478516,0.04730900004506111
1776592650767295200,2.225295166015625,-0.008851000107824802,0.9772850275039673,0.04146699979901314
1776592650786849500,2.244849609375,-0.020332999527454376,0.9442009925842285,0.04456000030040741
1776592650806400300,2.264400146484375,-0.07783199846744537,0.8655880093574524,0.06382899731397629
1776592650825960000,2.2839599609375,-0.12571999430656433,0.9592980146408081,0.09288500249385834
1776592650845520600,2.303520751953125,-0.13605499267578125,1.0934970378875732,0.13467100262641907
1776592650865077200,2.3230771484375,-0.09047099947929382,1.1835139989852905,0.165911003947258
1776592650884637400,2.342637451171875,-0.0574910007417202,1.2618999481201172,0.1790509968996048
1776592650904199000,2.362198974609375,0.020584000274538994,1.1599990129470825,0.1670520007610321
1776592650923757600,2.381757568359375,0.10616999864578247,0.9670630097389221,0.13736000657081604
1776592650943316700,2.401316650390625,0.1680160015821457,0.8125380277633667,0.10886800289154053
1776592650962878700,2.420878662109375,0.15816199779510498,0.736191987991333,0.09995000064373016
1776592650982441200,2.440441162109375,0.07094299793243408,0.6752200126647949,0.12052399665117264
1776592651002001700,2.460001708984375,0.01424499973654747,0.6050410270690918,0.13285499811172485
1776592651021565700,2.479565673828125,-0.03202199935913086,0.5837910175323486,0.1443440020084381
1776592651041131500,2.499131591796875,-0.09483899921178818,0.6369689702987671,0.1639769971370697
1776592651060696000,2.518696044921875,-0.1777310073375702,0.6805340051651001,0.20049099624156952
1776592651080262400,2.538262451171875,-0.21376100182533264,0.6459810137748718,0.23243099451065063
1776592651099828200,2.557828125,-0.1832370012998581,0.6840969920158386,0.23074300587177277
1776592651119389400,2.577389404296875,-0.13743899762630463,0.7492899894714355,0.2020460069179535
1776592651138951000,2.596950927734375,-0.11549899727106094,0.789044976234436,0.1783359944820404
1776592651158510000,2.616510009765625,-0.06617099791765213,0.949321985244751,0.09130299836397171
1776592651178066200,2.636066162109375,-0.03935600072145462,0.9652060270309448,0.0589120015501976
1776592651197627000,2.655626953125,0.077115997672081,0.9514200091362,-0.02417300082743168
1776592651217189000,2.675189208984375,0.19436900317668915,0.8912389874458313,-0.10410500317811966
1776592651236751400,2.69475146484375,0.19562600553035736,0.8498200178146362,-0.12163300067186356
1776592651256311800,2.714311767578125,0.13778899610042572,0.8295090198516846,-0.09730999916791916
1776592651275873300,2.733873291015625,0.10705800354480743,0.8814409971237183,-0.08545500040054321
1776592651295441400,2.75344140625,0.08639399707317352,0.9278820157051086,-0.07362300157546997
1776592651315008000,2.773008056640625,0.04872399941086769,0.9735569953918457,-0.05481100082397461
1776592651334571300,2.7925712890625,-0.034182000905275345,1.0469210147857666,-0.00013000000035390258
1776592651354131200,2.812131103515625,-0.10149600356817245,1.0804909467697144,0.0762220025062561
1776592651373692200,2.831692138671875,-0.09047999978065491,1.1160149574279785,0.11280400305986404
1776592651393255200,2.851255126953125,-0.06331700086593628,1.0503469705581665,0.1367650032043457
1776592651412820000,2.870820068359375,-0.0493290014564991,0.9931190013885498,0.16126300394535065
1776592651432386800,2.89038671875,-0.0388449989259243,0.8658130168914795,0.1810079962015152
1776592651451946000,2.909946044921875,-0.025988999754190445,0.6510409712791443,0.19901099801063538
1776592651471498500,2.92949853515625,-0.017774000763893127,0.5054119825363159,0.20773400366306305
1776592651491054800,2.949054931640625,-0.013899000361561775,0.40004000067710876,0.22089099884033203
1776592651510615800,2.96861572265625,0.0028649999294430017,0.3470430076122284,0.2252500057220459
1776592651530176800,2.9881767578125,0.018651999533176422,0.29796499013900757,0.23015999794006348
1776592651549739000,3.007739013671875,0.18802699446678162,0.48553600907325745,0.035711001604795456
1776592651569300500,3.027300537109375,0.3213599920272827,0.8732140064239502,-0.16072699427604675
1776592651588861400,3.046861328125,0.31573599576950073,0.9830250144004822,-0.17114900052547455
1776592651608422000,3.066421875,0.2842240035533905,1.004992961883545,-0.1500910073518753
1776592651627980500,3.08598046875,0.2438880056142807,0.8547080159187317,-0.09539099782705307
1776592651647538400,3.105538330078125,0.19478100538253784,0.8240560293197632,-0.032875001430511475
1776592651667097000,3.12509716796875,0.11947199702262878,0.807021975517273,0.06625600159168243
1776592651686655200,3.1446552734375,0.04051100090146065,0.6820520162582397,0.18173900246620178
1776592651706215200,3.164215087890625,0.019365999847650528,0.5203719735145569,0.22109100222587585
1776592651725778000,3.18377783203125,0.050602998584508896,0.44396400451660156,0.18113499879837036
1776592651745341700,3.203341796875,0.0568230003118515,0.4273090064525604,0.16777700185775757
1776592651764907500,3.222907470703125,0.1381320059299469,0.46246498823165894,0.034432001411914825
1776592651784469000,3.242468994140625,0.30344998836517334,0.6412010192871094,-0.25447699427604675
1776592651804025600,3.262025634765625,0.28315499424934387,0.8132489919662476,-0.26862600445747375
1776592651823582200,3.281582275390625,0.1836089938879013,0.8749709725379944,-0.14813800156116486
1776592651843142000,3.301141845703125,0.11517299711704254,0.8934710025787354,-0.07887499779462814
1776592651862700300,3.3207001953125,0.020042000338435173,1.0271120071411133,0.03590400144457817
1776592651882258700,3.3402587890625,-0.08630300313234329,1.3081220388412476,0.1825229972600937
1776592651901821700,3.35982177734375,-0.13176900148391724,1.449079990386963,0.24666599929332733
1776592651921383700,3.3793837890625,-0.09946399927139282,1.4420909881591797,0.18766100704669952
1776592651940944600,3.398944580078125,-0.045288000255823135,1.4440510272979736,0.08499900251626968
1776592651960506400,3.41850634765625,0.006138999946415424,1.4162650108337402,-0.011119999922811985
1776592651980069000,3.438069091796875,0.07231900095939636,1.1539759635925293,-0.12938900291919708
1776592651999628800,3.45762890625,0.08336099982261658,0.8358229994773865,-0.13922399282455444
1776592652019187200,3.477187255859375,0.07429400086402893,0.4898349940776825,-0.10194899886846542
1776592652038748700,3.496748779296875,0.06556499749422073,0.3596560060977936,-0.07645700126886368
1776592652058304800,3.5163046875,0.04413900151848793,0.21626099944114685,-0.024165000766515732
1776592652077858600,3.535858642578125,0.012659999541938305,0.12511399388313293,0.05666400119662285
1776592652097419000,3.5554189453125,0.005931000225245953,0.11511799693107605,0.06962300091981888
1776592652116981200,3.574981201171875,0.014550000429153442,0.13070499897003174,0.05967500060796738
1776592652136543700,3.594543701171875,0.026319000869989395,0.2762239873409271,0.04140299931168556
1776592652156102400,3.614102294921875,0.026444999501109123,0.4911530017852783,0.021358000114560127
1776592652175658200,3.633658203125,0.04942300170660019,0.5980259776115417,-0.07154499739408493
1776592652195215600,3.653215576171875,0.05152200162410736,0.49051201343536377,-0.05950300022959709
1776592652214774800,3.67277490234375,0.04600200057029724,0.33857500553131104,-0.006781000178307295
1776592652234337000,3.6923369140625,0.05426400154829025,0.23163099586963654,0.02938999980688095
1776592652253898500,3.7118984375,0.034334998577833176,0.1719380021095276,0.11703299731016159
1776592652273461500,3.73146142578125,-0.02710999920964241,-0.03019700013101101,0.3653390109539032
1776592652293024800,3.751024658203125,-0.03612799942493439,-0.3381670117378235,0.472476989030838
1776592652312587500,3.77058740234375,-0.008410000242292881,-0.42304399609565735,0.37479400634765625
1776592652332146200,3.790146240234375,-0.01013800036162138,-0.2684449851512909,0.26549699902534485
1776592652351697400,3.809697509765625,0.024528000503778458,-0.16640999913215637,0.09670399874448776
1776592652371252000,3.829251953125,0.13413600623607635,-0.1087379977107048,-0.20006699860095978
1776592652390814500,3.848814453125,0.23447300493717194,-0.1358949989080429,-0.4169589877128601
1776592652410378800,3.868378662109375,0.22625400125980377,-0.15858200192451477,-0.3245150148868561
1776592652429940200,3.887940185546875,0.18458899855613708,-0.22728300094604492,-0.18047499656677246
1776592652449498000,3.907498046875,0.12765300273895264,-0.43899399042129517,-0.05480999872088432
1776592652469055700,3.9270556640625,0.08579900115728378,-0.5487449765205383,0.03352700173854828
1776592652488618500,3.946618408203125,-0.07084599882364273,-0.6742860078811646,0.3485350012779236
1776592652508183000,3.96618310546875,-0.2555429935455322,-0.7187479734420776,0.6112490296363831
1776592652527748000,3.985748046875,-0.2841010093688965,-0.6888880133628845,0.5265190005302429
1776592652547312400,4.0053125,-0.21582500636577606,-0.6061509847640991,0.2856430113315582
1776592652566873300,4.024873291015625,-0.13866600394248962,-0.6178269982337952,0.0874829962849617
1776592652586432300,4.044432373046875,-0.07653199881315231,-0.8077329993247986,-0.023754000663757324
1776592652605990000,4.063989990234375,-0.02383499965071678,-1.1548609733581543,-0.07894399762153625
1776592652625548300,4.08354833984375,0.044394999742507935,-1.3743929862976074,-0.16888000071048737
1776592652645109500,4.103109619140625,0.06689699739217758,-1.280608057975769,-0.23723800480365753
1776592652664669700,4.122669677734375,0.05068099871277809,-1.1942989826202393,-0.2293339967727661
1776592652684227000,4.14222705078125,0.03569500148296356,-1.2368110418319702,-0.17208999395370483
1776592652703785500,4.161785400390625,0.03857000172138214,-1.2373429536819458,-0.12281999737024307
1776592652723342600,4.181342529296875,0.06193099915981293,-1.158378005027771,-0.10742399841547012
1776592652742898700,4.200898681640625,0.09539999812841415,-1.029921054840088,-0.12759999930858612
1776592652762459000,4.220458984375,0.12321499735116959,-1.0348210334777832,-0.09484799951314926
1776592652782018800,4.240018798828125,0.10909000039100647,-1.0491149425506592,0.016550999134778976
1776592652801577200,4.2595771484375,0.07140100002288818,-0.9149320125579834,0.111114002764225
1776592652821137700,4.2791376953125,0.03065899945795536,-0.7754999995231628,0.15638099610805511
1776592652840699000,4.298698974609375,-0.011880000121891499,-0.723691999912262,0.18156400322914124
1776592652860260400,4.31826025390625,-0.054850999265909195,-0.7845209836959839,0.19222000241279602
1776592652879820800,4.33782080078125,-0.09189599752426147,-0.918524980545044,0.19103500247001648
1776592652899379700,4.357379638671875,-0.1001719981431961,-0.908689022064209,0.14415200054645538
1776592652918940000,4.37693994140625,-0.08693800121545792,-0.8692139983177185,0.10332100093364716
1776592652938500900,4.3965009765625,-0.02601199969649315,-0.9441270232200623,0.011944999918341637
1776592652958063400,4.4160634765625,0.02238300070166588,-0.9728099703788757,-0.03419400006532669
1776592652977622500,4.43562255859375,0.09661799669265747,-1.0612280368804932,-0.08710400015115738
1776592652997180400,4.455180419921875,0.09333500266075134,-1.10971999168396,-0.06304500252008438
1776592653016742000,4.474741943359375,0.07317899912595749,-1.2303160429000854,-0.01463400013744831
1776592653036305200,4.49430517578125,0.07665900141000748,-1.5286270380020142,0.03515300154685974
1776592653055862000,4.513862060546875,0.061744000762701035,-1.7240819931030273,0.08409599959850311
1776592653075413200,4.533413330078125,0.011311000213027,-1.9042580127716064,0.15245500206947327
1776592653094966300,4.55296630859375,-0.04802900180220604,-2.091862916946411,0.23712100088596344
1776592653114520000,4.57252001953125,-0.09880000352859497,-2.3099350929260254,0.34295299649238586
1776592653134079000,4.592078857421875,-0.12812599539756775,-2.257814884185791,0.39986398816108704
1776592653153645000,4.61164501953125,-0.09185700118541718,-1.8671220541000366,0.3351770043373108
1776592653173210600,4.631210693359375,-0.0172520000487566,-1.4879399538040161,0.21115100383758545
1776592653192771300,4.650771240234375,0.11158999800682068,-1.2572619915008545,0.0690779983997345
1776592653212334000,4.670333984375,0.18824000656604767,-1.1553410291671753,-0.02202799916267395
1776592653231896300,4.689896240234375,0.17491300404071808,-1.1402850151062012,-0.06628400087356567
1776592653251459300,4.709459228515625,0.176363006234169,-1.140197992324829,-0.12690399587154388
1776592653271024000,4.729024169921875,0.19078800082206726,-1.1366130113601685,-0.1638219952583313
1776592653290588000,4.748587890625,0.1795720010995865,-1.168755054473877,-0.15144400298595428
1776592653310148600,4.768148681640625,0.12910300493240356,-1.2136549949645996,-0.11236099898815155
1776592653329705200,4.787705322265625,0.033574000000953674,-1.17180597782135,-0.07818900048732758
1776592653349263000,4.80726318359375,0.017743999138474464,-1.0180209875106812,-0.06536799669265747
1776592653368822500,4.826822509765625,0.057381998747587204,-0.9709960222244263,-0.055472999811172485
1776592653388383700,4.8463837890625,0.1210390031337738,-0.9701589941978455,-0.023615999147295952
1776592653407943000,4.86594287109375,0.09133800119161606,-1.112473964691162,0.017041999846696854
1776592653427501300,4.885501220703125,-0.06374000012874603,-1.4329220056533813,0.05593499913811684
1776592653447062300,4.905062255859375,-0.04374000057578087,-1.3465440273284912,0.03558399900794029
1776592653466622200,4.924622314453125,0.05538899824023247,-1.143731951713562,0.0020729999523609877
1776592653486185000,4.94418505859375,0.16361699998378754,-1.0671299695968628,-0.0646980032324791
1776592653505748200,4.963748291015625,0.20161700248718262,-1.1163350343704224,-0.1345590054988861
1776592653525305300,4.983305419921875,0.2558229863643646,-1.2556179761886597,-0.17950400710105896
1776592653544860700,5.002860595703125,0.2606239914894104,-1.376889944076538,-0.19693399965763092
1776592653564415200,5.022415283203125,0.23077000677585602,-1.4414069652557373,-0.20488500595092773
1776592653583974700,5.041974609375,0.18999099731445312,-1.4852830171585083,-0.19732899963855743
1776592653603537400,5.061537353515625,0.13816200196743011,-1.541090965270996,-0.17760899662971497
1776592653623094300,5.08109423828125,0.12336300313472748,-1.6164870262145996,-0.15330299735069275
1776592653642652200,5.100652099609375,0.06218000128865242,-1.5274330377578735,-0.13410800695419312
1776592653662212900,5.120212890625,0.01425000000745058,-1.4614919424057007,-0.09931600093841553
1776592653681774600,5.139774658203125,0.031228000298142433,-1.4083290100097656,-0.06896200031042099
1776592653701338400,5.15933837890625,0.07996200025081635,-1.4041459560394287,-0.04479699954390526
1776592653720902100,5.178902099609375,0.14708399772644043,-1.4428709745407104,-0.0275689996778965
1776592653740466000,5.1984658203125,0.18928299844264984,-1.3726600408554077,-0.03455900028347969
1776592653760028000,5.21802783203125,0.24866299331188202,-1.3247079849243164,-0.029857000336050987
1776592653779585000,5.2375849609375,0.24790899455547333,-1.2159509658813477,-0.03747899830341339
1776592653799143000,5.257142822265625,0.1642789989709854,-1.094920039176941,-0.05934799835085869
1776592653818704000,5.276703857421875,0.12803000211715698,-1.0511419773101807,-0.06439100205898285
1776592653838264600,5.2962646484375,0.07240399718284607,-1.0124800205230713,-0.0671280026435852
1776592653857823700,5.31582373046875,-0.03604000061750412,-0.9702349901199341,-0.09774699807167053
1776592653877383200,5.335383056640625,-0.19863399863243103,-0.8938930034637451,-0.17217400670051575
1776592653896941000,5.354941162109375,-0.20729300379753113,-0.8652979731559753,-0.18877799808979034
1776592653916500200,5.374500244140625,-0.12358299642801285,-0.9187740087509155,-0.15687799453735352
1776592653936060400,5.394060302734375,-0.09182199835777283,-0.9118639826774597,-0.1503159999847412
1776592653955619000,5.413619140625,-0.13429300487041473,-0.8013160228729248,-0.1869869977235794
1776592653975182800,5.433182861328125,-0.13115200400352478,-0.7562580108642578,-0.19859400391578674
1776592653994744800,5.452744873046875,-0.04807500168681145,-0.7321550250053406,-0.15876799821853638
1776592654014305500,5.472305419921875,-0.03558799996972084,-0.6721720099449158,-0.16187599301338196
1776592654033868800,5.491868896484375,-0.06122700124979019,-0.642611026763916,-0.19596299529075623
1776592654053430800,5.5114306640625,-0.0025859999004751444,-0.6437519788742065,-0.18292200565338135
1776592654072993500,5.53099365234375,0.08998499810695648,-0.6569520235061646,-0.1527329981327057
1776592654092556300,5.550556396484375,0.1477549970149994,-0.6204689741134644,-0.1445389986038208
1776592654112120300,5.570120361328125,0.1605360060930252,-0.6169319748878479,-0.14702700078487396
1776592654131683600,5.58968359375,0.19001799821853638,-0.6236910223960876,-0.1368969976902008
1776592654151246000,5.60924609375,0.2520900070667267,-0.5895469784736633,-0.099932000041008
1776592654170804200,5.62880419921875,0.30682599544525146,-0.5284979939460754,-0.07139600068330765
1776592654190359300,5.648359375,0.32203298807144165,-0.5182250142097473,-0.06466200202703476
1776592654209921000,5.667921142578125,0.3091610074043274,-0.5539900064468384,-0.04531899839639664
1776592654229483500,5.6874833984375,0.2713020145893097,-0.5858929753303528,-0.03241400048136711
1776592654249045200,5.707045166015625,0.248539000749588,-0.6016960144042969,-0.02692200057208538
1776592654268607500,5.726607421875,0.20838899910449982,-0.6607480049133301,-0.008905000053346157
1776592654288167200,5.746167236328125,0.1841910034418106,-0.7016500234603882,0.014612999744713306
1776592654307728400,5.765728271484375,0.16611699759960175,-0.6561999917030334,0.029322000220417976
1776592654327293000,5.78529296875,0.136913001537323,-0.5784010291099548,0.017470000311732292
1776592654346859300,5.804859375,0.11109200119972229,-0.5212900042533875,-0.008236000314354897
1776592654366421200,5.824421142578125,0.11573600023984909,-0.49285200238227844,-0.0218299999833107
1776592654385976300,5.843976318359375,0.12272299826145172,-0.4812839925289154,-0.05149700120091438
1776592654405536300,5.863536376953125,0.05917000025510788,-0.46339499950408936,-0.15062199532985687
1776592654425102000,5.88310205078125,-0.06921999901533127,-0.4220849871635437,-0.31717801094055176
1776592654444662000,5.902662109375,-0.09234099835157394,-0.41581401228904724,-0.37817299365997314
1776592654464218600,5.922218505859375,-0.03504300117492676,-0.4303619861602783,-0.3453480005264282
1776592654483778800,5.94177880859375,-0.02071099914610386,-0.3731729984283447,-0.35481300950050354
1776592654503341600,5.961341552734375,-0.045292001217603683,-0.29126399755477905,-0.37839698791503906
1776592654522902000,5.980902099609375,-0.035659998655319214,-0.24384599924087524,-0.3270989954471588
1776592654542460400,6.00046044921875,0.02048500068485737,-0.23553499579429626,-0.20703299343585968
1776592654562024400,6.0200244140625,0.03188899904489517,-0.23883800208568573,-0.14597399532794952
1776592654581589500,6.039589599609375,-0.01093399990350008,-0.23208099603652954,-0.14300799369812012
1776592654601149000,6.05914892578125,-0.08198399841785431,-0.2789140045642853,-0.14862899482250214
1776592654620708400,6.078708251953125,-0.07763700187206268,-0.30465999245643616,-0.1287049949169159
1776592654640266800,6.098266845703125,-0.040300000458955765,-0.2554810047149658,-0.1257530003786087
1776592654659817700,6.117817626953125,-0.01863499917089939,-0.2184869945049286,-0.11895299702882767
1776592654679371500,6.13737158203125,0.10129000246524811,-0.20398400723934174,-0.08818399906158447
1776592654698930400,6.156930419921875,0.19388799369335175,-0.19112800061702728,-0.04508199915289879
1776592654718486800,6.17648681640625,0.31470200419425964,-0.129052996635437,0.0412370003759861
1776592654738043600,6.196043701171875,0.2968370020389557,-0.11227799952030182,0.035277001559734344
1776592654757603800,6.215603759765625,0.262796014547348,-0.1052279993891716,0.04745199903845787
1776592654777164300,6.235164306640625,0.21600599586963654,-0.12686100602149963,0.051006000488996506
1776592654796722200,6.25472216796875,0.15982000529766083,-0.10878399759531021,0.028612999245524406
1776592654816281900,6.27428173828125,0.022501999512314796,-0.08983500301837921,-0.06115800142288208
1776592654835838500,6.29383837890625,-0.08011800050735474,-0.13382700085639954,-0.09302199631929398
1776592654855393300,6.313393310546875,-0.0857430025935173,-0.17437799274921417,-0.042980000376701355
1776592654874953200,6.332953125,-0.07292299717664719,-0.15673699975013733,-0.03612799942493439
1776592654894511900,6.352511962890625,-0.054795000702142715,-0.12022099643945694,-0.04486199840903282
1776592654914070000,6.372070068359375,-0.028033999726176262,-0.099092997610569,-0.03264699876308441
1776592654933628400,6.39162841796875,0.058584000915288925,-0.07564999908208847,-0.02550699934363365
1776592654953191000,6.41119091796875,0.15569299459457397,-0.050273001194000244,-0.02088800072669983
1776592654972753000,6.4307529296875,0.20893900096416473,-0.03292600065469742,0.007340999785810709
1776592654992306000,6.450305908203125,0.2047629952430725,-0.027091000229120255,0.023925000801682472
1776592655011854800,6.469854736328125,0.16574899852275848,-0.028815999627113342,0.025324000045657158
1776592655031407900,6.489407958984375,0.13215500116348267,-0.02958899922668934,0.02452700026333332
1776592655050966300,6.50896630859375,0.09247799962759018,-0.05139699950814247,0.027648000046610832
1776592655070525200,6.528525146484375,0.046505000442266464,-0.06555499881505966,0.0352259986102581
1776592655090083600,6.54808349609375,0.011315999552607536,-0.041172001510858536,0.019595999270677567
1776592655109642800,6.567642822265625,-0.002463999902829528,-0.02263299934566021,0.007457999978214502
1776592655129203500,6.587203369140625,-0.01078800018876791,-0.00838600005954504,0.002280999906361103
1776592655148765700,6.606765625,-0.01666400022804737,-0.0051830001175403595,0.00559299997985363
1776592655168326700,6.62632666015625,-0.027191000059247017,-0.01181199960410595,0.02847900055348873
1776592655187888600,6.645888671875,0.003558000084012747,-0.008301000110805035,0.10153000056743622
